sn4=500000;
sn8=415000;
muMR    =0.00693;
muMI    =0.014;
muMA    =0.035;
muM2    =0.007;
muIDC   =0.05;
muMDC   =0.35;
muIDC_LN=0.05;
muMDC_LN=0.3;
muN4    =2.5;
muN8    =2.5;
muT0    =0.347;%1e2;%0.347;
muT1    =0.55;%1e2;%0.55;
muT8    =0.55;%1e2;%1;
muT80    =0.347;%1e2;%1;
muTC    =0.55;%1e2;
muTNF   =2;
muIG    =2;
muI12   =2;
muI10   =2;
lambda  =0.42248;
rc1     =5e3;%0.21197;
rc1a    =1e3;%145.2064;
rc3     =1e3;%8261.3741;
rc3a    =1e3;%698.1381;
rc5     =1e1;%5.111;
rc5a    =1e-1;%0.013272;
rc7     =1e1;%1e-1;%1.0557;
rc7a    =5e-1;%0.23295;
rc7b    =5e-1;%0.14351;
hsr1    =1e2;%241.5594;
hsr1a   =636.0847;
hsr3    =1e4;%146.268;
hsr3a   =0.039118;
hsr5    =1;
hsr5a   =1;
hsr7    =1;%39.576;
hsr7a   =1;%117.1828;
hsr7b   =1;
rc2     =1e4;%335.5135;
rc2a    =2.5e3;%1721.9278;
rc4     =1e4;%3.0514;
rc4a    =1e3;%4420.139;
rc6     =1;%0.032333;
rc6a    =1e-1;%0.0031437;
rc8     =1;%0.36046;
rc8a    =5e-1;%0.72118;
rc8b    =5e-1;%0.057341;
hsr2    =1.111;
hsr2a   =107.5372;
hsr4    =1;%0.024645;
hsr4a   =0.0063176;
hsr6    =0.30464;
hsr6a   =0.48059;
hsr8    =0.0002367;
hsr8a   =0.57839;
hsr8b   =0.2962;
k1      =1e-6;%0.00017782;
k1a     =2.919e-05;
k2      =5e-1;%0.01;
k2a     =5e-1;%0.01;
k7      =0;%1e-1;%0.5;
k7a     =1e-1;%0.5;
hs2     =1;%0.00049266;
hs3     =1e3;%63.0046;
hs2a    =1;%0.00049266;
hs3a    =1e5;%63;
k21     =1e-4;
k21a    =1e-4;
k3      =1e-1;%0.025734;
k3a     =1e-1;%0.0015669;
k4      =1e-1;%0.0004;
k4a     =1e-1;%0.00041962;
hs4     =1241.132;
hs4a    =1262.4551;
k5      =1e-1;%0.010797;
k5a     =1e-1;%0.00019214;
hs5     =0.19312;
hs5a    =0.2;
k6      =1e-1;%4.7735e-05;
k6a     =1e-1;%2.8883e-05;
hs6     =88.0301;
hs6a    =88;
hsI10   =1e1;
hsI10a   =1e1;
hsI10_DC   =1;
hsI10_DCLN   =1;
hsI10_T0LN   =1;
hsI10_T0   =1;
hsI10_T80   =1;
hsI10_T80LN   =1;
hsI10_TNF  =1;
hsI10a_TNF  =1;
k12     =1e-6;%1.8802e-05;
k12a    =7.5103e-08;
k12b    =1.9497e-07;
hs12b   =565.7622;
k8      =6.6303e-07;
k8a     =1.102e-08;
k10     =0.0019401;
k10a    =0.030063;
k11     =0.012374;
k11a    =0.00058742;
k9      =0.074387;
k9a     =0.0020063;
k13     =1e1;%7;%1e1
hs13    =1e3;%2.75e3;%50
k14     =1e-2;%1.5e-3;%2.9804e-05;
k15     =5;%1e-4;%0.0007;
rho2    =1e7;%1e5;
k20a    =1e-1;%1e-3;%5;
hs20a   =1e3;%348152.4048;
k29a    =1e-3;%5;
hs29a   =1e3;%1706.9562;
k22a    =1e-1;%19.522;
hs22a   =1;%0.0082256;
k16     =1e1;%6;%1.25e1;
hs16    =1e3;%5e3;%50
k17     =1e-2;%1e-3;
hs17    =1e1;%1e1;%2.2204e-16;
k18     =5;%2;%1e-4;%0.0006;
rho3    =1e7;%100000;
k24a    =5e-1;%1e-4;%6.3362;
hs24a   =1e3;%38678.623;
k30a    =1e-4;%9.12e-301;
hs30a   =1e3;%9475.4051;
k26a    =1e-1;%0.56714;
hs26a   =1e-2;%49.9709;
k28a    =1e-1;%1.7182;
hs28a   =1e-1;%0.053445;
csi1    =1e1;%1e1;%1.4311;
csi1a   =1e-1;%1e1;%1e2;% 2 1/2 hrs ;%0.042949;
csi2    =1e1;%0.11759;
csi2a   =1e-1;%1e1;% 2 1/2 hrs 0.56512;
csi2b   =1e-1;%1e1;% 2 1/2 hrs 0.097377;
k19     =1e-1;%7.2659e-301;
rho4    =1e5;%565.948;
k20     =1e-3;%1e2;%0.42089;
hs20    =1e3;%42.9943;
k29     =1e-3;%1e2;%3.6137e-301;
hs29    =1e3;%290.7233;
k22     =1e1;%4.5047;
hs22    =1;%0.28181;
k23     =1e-1;
rho5    =1e5;
k24     =1e-4;%0.0081267;
hs24    =27.6032;
k30     =1e-4;%9.1437e-4;
hs30    =166.9184;
k26     =1;%2.1099;
hs26    =1;%0.0092205;
k28     =1;
hs28    =1;
fi      =0.5;
fi1     =0.19895;
f1      =1e2;
f2      =0.12698;
f3      =4500.72;
f4      =1e1;%0.0095722;
w1      =0.66632;
%w       =1.0301e-124;
wT80    =0.5;
N       =21.7092;
NDC     =15.1561;
deltaFAS=0.56816;
deltaTNF=0.50489;
scaling =2;%2.2879;
alpha1  =0.01533;
alpha1a =5.18e-05;
chs1    =7754.8437;
chs1a   =10885.3308;
alpha2  =6.8675e-06;
alpha2a =9.8124e-05;
alpha16 =0.00018964;
alpha16a=0.00077691;
alpha3  =0.001533;
alpha3a =0.001533;
alpha4  =1.0336e-07;
alpha4a =8.5548e-06;
chs2    =1.0858;
chs2a   =1.035;
sg      =1e1;%7.2941;
sgLN    =0.092061;
chs3    =21168.0893;
chs3a   =6348149.9119;
chs4    =84589.7348;
chs4a   =84589.7348;
alpha5  =1e-1;%2e-4;%0.00020395;
alpha5a =2e-4;%7.1239e-06;
chs5    =2559.4721;
chs5a   =5.8983;
alpha6  =1e-1;%0.0004204;
alpha6a =0.0020684;
chs6    =3.9454;
chs6a   =4.268;
alpha7  =0.0017624;
alpha7a =0.0010406;
alpha8  =6.1394e-06;
alpha8a =2.9487e-06;
chs8    =23.324;
chs8a   =1970.2791;
alpha9  =7.0317e-08;
alpha9a =0.0012697;
chs9    =8.2004;
chs9a   =1;%269.7575;
alpha10 =2.2593e-03;
alpha10a=2.3205e-03;
chs10   =35.2535;
chs10a  =26.8302;
alpha11 =8.0182e-06;
alpha11a=0.010636;
chs11   =2.2915;
chs11a  =98.7184;
alpha12 =4.1728e-05;
alpha12a=0.0046598;
alpha13 =0.0016125;
alpha13a=0.00094216;
alpha14 =1.1723e-05;
alpha14a=1.2565e-05;
alpha15 =1.1051e-05;
alpha15a=2.3016e-06;
chs15   =1287.9797;
chs15a  =272.2163;
alpha17 =1.088e-05;
alpha17a=1e-5;%0.003521;
m       =0.75;
